 &INPUT
    LABEL  =  '87Rb-88Sr+ elastic cross section for bb (1 0 1/2 1/2) channel vs collision energy',
    URED   =  43.70227836,	! NIST DATA
    IPRINT =   11,
    RMIN   =   5.5,  RMID   =  21.0,   RMAX   = 15.0E3, IRMSET = 0,
    IPROPS =   6,    DR     =   0.002,
    IPROPL =   9,    TOLHIL =   1.E-7,
    JTOTL  =   1,    JTOTU  = 63,     IBFIX  =  0,           JSTEP  = 2,
    EUNITS =   2,    NNRG   =  100,   ENERGY = 4e-07, 7.0427381028e-07, 1.1333489987e-06, 1.7086733615e-06, 2.4516946951e-06, 3.3838607958e-06, 4.52661946e-06, 5.901418484e-06, 7.5297056641e-06, 9.4329287967e-06, 1.1632535678e-05, 1.4149974105e-05, 1.7006691873e-05, 2.0224136778e-05, 2.3823756618e-05, 2.7826999189e-05, 3.2255312286e-05, 3.7130143706e-05, 4.2472941246e-05, 4.8305152702e-05, 5.464822587e-05, 6.1523608546e-05, 6.8952748527e-05, 7.695709361e-05, 8.555809159e-05, 9.4777190263e-05, 0.00010463583743, 0.00011515548088, 0.00012635756841, 0.00013826354782, 0.00015089486691, 0.00016427297347, 0.0001784193153, 0.00019335534019, 0.00020910249595, 0.00022568223036, 0.00024311599122, 0.00026142522633, 0.0002806313835, 0.0003007559105, 0.00032182025514, 0.00034384586522, 0.00036685418853, 0.00039086667286, 0.00041590476602, 0.0004419899158, 0.00046914357, 0.00049738717641, 0.00052674218284, 0.00055723003706, 0.00058887218689, 0.00062169008012, 0.00065570516454, 0.00069093888796, 0.00072741269816, 0.00076514804294, 0.00080416637011, 0.00084448912745, 0.00088613776277, 0.00092913372385, 0.0009734984585, 0.0010192534145, 0.0010664200397, 0.0011150197818, 0.0011650740887, 0.0012166044081, 0.0012696321879, 0.0013241788758, 0.0013802659196, 0.0014379147672, 0.0014971468663, 0.0015579836647, 0.0016204466103, 0.0016845571508, 0.0017503367339, 0.0018178068076, 0.0018869888196, 0.0019579042177, 0.0020305744498, 0.0021050209635, 0.0021812652066, 0.0022593286271, 0.0023392326727, 0.0024209987911, 0.0025046484303, 0.0025902030379, 0.0026776840617, 0.0027671129497, 0.0028585111495, 0.0029519001089, 0.0030473012759, 0.003144736098, 0.0032442260232, 0.0033457924993, 0.003449456974, 0.0035552408951, 0.0036631657105, 0.0037732528679, 0.0038855238151, 0.004,
                     DTOL   =   1.E-6, MONQN  =  4, 0, 1, 1,
    FLDMIN = 0., FLDMAX =  0., DFIELD = 1.0,
    ICHAN  =   1,
 /

 &BASIS
    ITYPE  = 9,
 /

 &BASIS9
    ISA    =  1,    		! 87-Rb
    GSA    =  2.00231930,	! simply electron g-factor
    INUCA  =  3,   		! 87-Rb
    HFSPLA = +6.83468261090429, ! 87-Rb
    GA     = -9.951413E-4,	! 87-Rb steck.us
    ISB    =  1,		! 88Sr+
    GSB    =  2.00231930,	! simply electron g-factor
    INUCB  =  0,		! 88Sr+
    HFSPLB =  0,		! 88Sr+
    GB     =  0,		! 88Sr+
    LMIN   =  0,
    LMAX   =  29,
    LSTEP  =  1,
    ISPSP  =  -1,
    NEXTRA =  2,
 /

 &POTL
    RM     =   0.52917720859,
    EPSIL  =   219474.6313705,
    MXLAM  =   2,
    LAMBDA =   0, 1,
    NTERM  =   -1, -1,
 /
 
 &RKHS_CONTROL
    FILENAMES = "/net/people/plgrid/plgwalewski/molscat-RKHS-tcpld/molscat-exe/potentials/A.dat", "/net/people/plgrid/plgwalewski/molscat-RKHS-tcpld/molscat-exe/potentials/a.dat",
    INUM      = 1, 2,
    LAMNUM    = "NUM",
    NPOT      = 2,
    csn_print = .true.,
    xscl      = 0.9999027642692241, 0.9960655153328791,
 /
